.Random.seed <-
c(403L, 10L, 1523899704L, 1446375398L, 1841211265L, 761790227L, 
-1841444670L, 2013356916L, 1214214007L, -1727850387L, 314717956L, 
-400587222L, -1666094187L, -385773521L, -1846105802L, 135743840L, 
-893073501L, -339472191L, 1094279344L, -610652210L, -1014176967L, 
2121673547L, -593493766L, 548993532L, 1207999039L, -2055442667L, 
-1834517460L, -1971116798L, 1006915037L, -58897193L, -328509506L, 
-1862139400L, 1689826779L, -1546724295L, -1820103288L, -1138972362L, 
957756273L, 1122021795L, 854633714L, 1096970308L, -466902265L, 
1049850589L, -1992139820L, -1439360262L, 1986985541L, 1680451231L, 
-1633469402L, 116037808L, -1871486637L, -434185103L, -269377120L, 
-1159529154L, 724982857L, 923162875L, -1618014006L, 515188268L, 
1842117167L, -2084736283L, 2075805596L, 1631826418L, 140893293L, 
593440167L, -900425778L, 1132442920L, -30185685L, -441782967L, 
786920024L, -1438201082L, -1261295903L, -213470605L, 898530018L, 
1460061780L, 684511063L, 815194957L, -292321564L, -1596881206L, 
2053162805L, -1695601265L, -1502213482L, -634772928L, 1217635075L, 
1078661921L, 1473483792L, -1535446034L, 1583776665L, -347390933L, 
-1587312358L, 1623124956L, 1408028127L, -113878603L, 1300248396L, 
1252404642L, 1807432957L, -1823333897L, -93049058L, 2094641624L, 
-2110739653L, 1286757593L, 985567336L, 185578902L, 1243254033L, 
-1765802301L, 287940306L, 1985865572L, -1703413081L, 730760189L, 
1222383092L, -545377574L, -1545296859L, 804309311L, -1533325626L, 
-937589936L, -28222605L, 412298641L, -251105344L, 13789598L, 
-1043532951L, 429049755L, 1823002282L, -1517008692L, 216914319L, 
1735413189L, 870814076L, 1715831250L, 477568333L, -496459769L, 
-1040510994L, 1346909896L, 17828299L, -486433751L, -1712215432L, 
-605997146L, 16859585L, -1595189677L, -574833406L, 1510902836L, 
878702007L, -1501904467L, 1047954116L, -2021107990L, -306906795L, 
-1022800145L, 52636918L, -1895883744L, -904454685L, 804503169L, 
2139158768L, -1256097906L, -1759508231L, 721867403L, 281522874L, 
-934445636L, 833988351L, -45536683L, -2131702420L, 1653949890L, 
1081878045L, -1196826985L, -491628546L, -378920008L, -431800421L, 
559965689L, 272688456L, -856772490L, -667025999L, 405595107L, 
110928050L, -77673212L, -528462265L, -846104291L, -1192298604L, 
-1970013382L, 25249669L, 2037265503L, -1168032026L, 1304855920L, 
-841945453L, -1994991823L, 179244512L, 1317173886L, -978360055L, 
-255210693L, -1540537590L, -758789396L, 1116309359L, -459773787L, 
-915275172L, -1853738446L, -784942803L, 1604272103L, 1547699982L, 
1535138024L, 127511275L, 1700078473L, 64798488L, -1811930554L, 
1071776417L, -331455181L, -433202014L, 1737724820L, -284718569L, 
1153060365L, -233690332L, 1686779658L, 1863555701L, 1191758287L, 
-1630416170L, 1558148736L, -1249216317L, -1099942303L, -461484336L, 
-2041751506L, -1603785255L, -838626837L, -711748518L, -1510691300L, 
2007719711L, 2078962549L, -4359668L, -749372446L, -140457795L, 
-1311934665L, 44728286L, -944673512L, -1199603589L, 116594201L, 
-1375797592L, -2105947050L, -1897658159L, -1921220696L, 2136595660L, 
-1445065220L, 490597298L, 1425721840L, 1330211268L, -423845544L, 
-487307910L, -97766992L, -881815620L, 1229230164L, -1480219710L, 
1968407584L, 449010876L, 1023531600L, -227573790L, -365029784L, 
-231908788L, 1961287932L, 1699377138L, 651287808L, 1599354740L, 
-726769656L, -2019809862L, 2008710608L, -1576926228L, -1067925612L, 
-1844692014L, 1603237728L, -473766580L, -377991904L, -67189886L, 
1701526248L, -1769904916L, -1850381764L, 704138098L, -1451857296L, 
1058502692L, 10979128L, 755526810L, 575484624L, -1174404932L, 
-1471687020L, 1720166018L, 1021254848L, 1359573308L, 1418850448L, 
-1621513694L, 1131931144L, -412729076L, -281685348L, 1698164242L, 
1233513856L, 787160596L, -2009000408L, -470014662L, -1625667632L, 
1088672364L, -1485723852L, 1974755986L, 267729248L, 722800972L, 
186216416L, -158326878L, -526731352L, -1619588212L, 234006204L, 
-2006889614L, -1288783632L, 226695236L, -1773281960L, 2044367930L, 
2086175600L, -236387268L, -2001392876L, -535443006L, 1672675552L, 
-406276228L, -186999088L, 1996424866L, -971717592L, -1716475636L, 
-1679526980L, -1950974670L, 1885298624L, 26710580L, -1448404024L, 
-1935432518L, -1869811824L, 309646828L, -43433900L, -2007228782L, 
1081703200L, 1105235404L, 835599328L, 1242432194L, -1341154776L, 
2145107628L, -829762884L, -1314065934L, -652703440L, 1773890724L, 
1326047928L, 31058778L, -786240112L, -1864666756L, 1434488084L, 
2017864002L, 1522983680L, -1499358276L, 1972771664L, 137257250L, 
2033081672L, 1642477580L, 140507228L, 1756898514L, -980695040L, 
-466691244L, -90471960L, 1146779642L, -487852336L, 604071212L, 
-256513804L, -1081153646L, 846027872L, 1179688204L, -2044279072L, 
-947782302L, 1643160232L, -1328440756L, -457975940L, -611488974L, 
1005198960L, 1124965700L, -1383007272L, -864210822L, -1509579216L, 
-1926296900L, 1354172244L, -1109083582L, -192074848L, -2069665604L, 
1636753872L, 1138533730L, -2071030808L, -2125473844L, 1959991036L, 
1497386994L, -3457920L, -13567756L, -1137871736L, -1845287622L, 
1769833296L, 179793004L, -1873567596L, -254363310L, 363527904L, 
-1533095732L, 1874614432L, 624073090L, -1601619736L, -484632340L, 
1869781052L, 1384210546L, -5920656L, -48651740L, 1869636152L, 
-331650534L, 180998352L, -1644612036L, -1585673068L, 633476226L, 
926353344L, 728313148L, 442105488L, -624733150L, -1357688824L, 
1957117068L, 1740750876L, -384457582L, 1811680384L, -820280300L, 
-1736514776L, -1562831814L, 35220688L, -1156254612L, 1091802804L, 
1450876946L, -1329774624L, 775572428L, -762364448L, 22350882L, 
-1662462680L, -1530341108L, -434680260L, -1052080910L, 1224079600L, 
2039232324L, 696954968L, 1412661818L, 1660209392L, 1167172284L, 
-1988359660L, 1710599362L, 264369760L, 327075196L, 35529936L, 
-972245982L, 769804456L, -850846324L, 1995858364L, -310654926L, 
1364448064L, -474194252L, -2081763000L, 28766906L, 382713616L, 
-325336852L, 1035073620L, -1494644974L, -2092310112L, -1813682228L, 
2010799968L, 1637936322L, 137252392L, -1289393748L, 913580860L, 
-818665383L, -33045266L, -450248836L, -320918547L, 252302487L, 
-2116935840L, -833022146L, 1533069323L, -205393779L, 352905658L, 
1314523128L, 638722977L, 94608723L, -1194732428L, 1756775938L, 
942512279L, -90682783L, 1221116582L, 1288669860L, -2119532715L, 
624346111L, -33996136L, -1487378506L, 1018317891L, 1559438725L, 
8896034L, -420059888L, 2124752057L, 127215979L, 2065991772L, 
-501029494L, 2015740287L, 148430025L, 777396574L, -1534135796L, 
-816597539L, -431723289L, -572245744L, 1163044910L, -1815081253L, 
1841563581L, 1024188714L, -1386904120L, -288654607L, 1159943267L, 
-1890013084L, 175815570L, 107819111L, 1803915313L, 772563318L, 
-1612812652L, -1654217563L, 1219017135L, -450731416L, -512116154L, 
895827955L, -666591403L, -1986248398L, -121166592L, -951437847L, 
703225947L, -2050960724L, 1702259898L, 2062806639L, -1160168455L, 
83346062L, 581301084L, 2135285709L, -390316233L, -1719042624L, 
-1288166754L, -1651311765L, 1266893549L, 1301133146L, -1075983336L, 
550885761L, 366874419L, 1345742164L, -174993566L, -1042299913L, 
-234431L, 1492986054L, -1205889532L, 329744821L, 1176796831L, 
-634016008L, -26627370L, 121562979L, -1560436955L, -751233854L, 
-1791082064L, 738048473L, 1733793611L, -166199876L, 294358506L, 
-1960969697L, -930295639L, -792774594L, -952354516L, 1436857213L, 
-1049089593L, -1103647568L, 94227150L, -1074184197L, -573339555L, 
1284845450L, 395239336L, -752265967L, 1976077315L, 1721509636L, 
1477815090L, -1007818361L, 1849339857L, -966819498L, 1922703156L, 
-1257110971L, -1953018225L, 991586312L, -148603866L, -583174957L, 
-1687759307L, -593875566L, -271994528L, 1177708745L, 628640763L, 
-85333044L, -1163131302L, 420907855L, 1594851865L, 1853751342L, 
-1401582020L, 1880646573L, 2030193751L, -396760672L, -471117058L, 
1555489227L, -1194096691L, 655862522L, 1851363640L, 2113010401L, 
